epoch,timestamp,operations,operations-delta,operations/second
1694180094.624,08/09/2023 13:34:54,40525,40525,40525
1694180095.624,08/09/2023 13:34:55,95463,54938,54938
1694180096.624,08/09/2023 13:34:56,158504,63041,63041
1694180097.624,08/09/2023 13:34:57,226889,68385,68385
1694180098.624,08/09/2023 13:34:58,295162,68273,68273
1694180099.625,08/09/2023 13:34:59,348684,53522,53468.531
1694180100.625,08/09/2023 13:35:00,405105,56421,56421
1694180101.625,08/09/2023 13:35:01,469957,64852,64852
1694180102.625,08/09/2023 13:35:02,531337,61380,61380
1694180103.625,08/09/2023 13:35:03,597757,66420,66420
1694180104.625,08/09/2023 13:35:04,657880,60123,60123
1694180105.625,08/09/2023 13:35:05,718964,61084,61084
1694180106.625,08/09/2023 13:35:06,776788,57824,57824
1694180107.625,08/09/2023 13:35:07,825125,48337,48337
1694180108.625,08/09/2023 13:35:08,879228,54103,54103
1694180109.625,08/09/2023 13:35:09,938319,59091,59091
1694180110.625,08/09/2023 13:35:10,996116,57797,57797
1694180111.625,08/09/2023 13:35:11,1045654,49538,49538
1694180112.625,08/09/2023 13:35:12,1094971,49317,49317
1694180113.626,08/09/2023 13:35:13,1157622,62651,62588.412
1694180114.626,08/09/2023 13:35:14,1217715,60093,60093
1694180115.626,08/09/2023 13:35:15,1272706,54991,54991
1694180116.626,08/09/2023 13:35:16,1335643,62937,62937
1694180117.626,08/09/2023 13:35:17,1392862,57219,57219
1694180118.626,08/09/2023 13:35:18,1444430,51568,51568
1694180119.626,08/09/2023 13:35:19,1493206,48776,48776
1694180120.626,08/09/2023 13:35:20,1543452,50246,50246
1694180121.626,08/09/2023 13:35:21,1600375,56923,56923
1694180122.626,08/09/2023 13:35:22,1665522,65147,65147
1694180123.626,08/09/2023 13:35:23,1728386,62864,62864
1694180124.626,08/09/2023 13:35:24,1791058,62672,62672
1694180125.626,08/09/2023 13:35:25,1856110,65052,65052
1694180126.626,08/09/2023 13:35:26,1923438,67328,67328
1694180127.627,08/09/2023 13:35:27,1983345,59907,59847.153
1694180128.627,08/09/2023 13:35:28,2044976,61631,61631
1694180129.627,08/09/2023 13:35:29,2111072,66096,66096
1694180130.627,08/09/2023 13:35:30,2178262,67190,67190
1694180131.627,08/09/2023 13:35:31,2243794,65532,65532
1694180132.627,08/09/2023 13:35:32,2310062,66268,66268
1694180133.627,08/09/2023 13:35:33,2374188,64126,64126
1694180134.627,08/09/2023 13:35:34,2442292,68104,68104
1694180135.627,08/09/2023 13:35:35,2509486,67194,67194
1694180136.627,08/09/2023 13:35:36,2569568,60082,60082
1694180137.627,08/09/2023 13:35:37,2634922,65354,65354
1694180138.627,08/09/2023 13:35:38,2705279,70357,70357
1694180139.627,08/09/2023 13:35:39,2774194,68915,68915
1694180140.628,08/09/2023 13:35:40,2839927,65733,65667.333
1694180141.628,08/09/2023 13:35:41,2900725,60798,60798
1694180142.628,08/09/2023 13:35:42,2968497,67772,67772
1694180143.628,08/09/2023 13:35:43,3038019,69522,69522
1694180144.628,08/09/2023 13:35:44,3106232,68213,68213
1694180145.628,08/09/2023 13:35:45,3177181,70949,70949
1694180146.628,08/09/2023 13:35:46,3246030,68849,68849
1694180147.628,08/09/2023 13:35:47,3316046,70016,70016
1694180148.628,08/09/2023 13:35:48,3385487,69441,69441
1694180149.628,08/09/2023 13:35:49,3454029,68542,68542
1694180150.628,08/09/2023 13:35:50,3516304,62275,62275
1694180151.628,08/09/2023 13:35:51,3573929,57625,57625
1694180152.628,08/09/2023 13:35:52,3638674,64745,64745
1694180153.628,08/09/2023 13:35:53,3710028,71354,71354
1694180154.629,08/09/2023 13:35:54,3775907,65879,65813.187
1694180155.629,08/09/2023 13:35:55,3846310,70403,70403
1694180156.629,08/09/2023 13:35:56,3915531,69221,69221
1694180157.629,08/09/2023 13:35:57,3983393,67862,67862
1694180158.629,08/09/2023 13:35:58,4052119,68726,68726
1694180159.629,08/09/2023 13:35:59,4116193,64074,64074
1694180160.629,08/09/2023 13:36:00,4180934,64741,64741
1694180161.629,08/09/2023 13:36:01,4246923,65989,65989
1694180162.629,08/09/2023 13:36:02,4314424,67501,67501
1694180163.629,08/09/2023 13:36:03,4376382,61958,61958
1694180164.629,08/09/2023 13:36:04,4445294,68912,68912
1694180165.629,08/09/2023 13:36:05,4513337,68043,68043
1694180166.629,08/09/2023 13:36:06,4581716,68379,68379
1694180167.63,08/09/2023 13:36:07,4650336,68620,68551.449
1694180168.63,08/09/2023 13:36:08,4709136,58800,58800
1694180169.63,08/09/2023 13:36:09,4777560,68424,68424
1694180170.63,08/09/2023 13:36:10,4846997,69437,69437
1694180171.63,08/09/2023 13:36:11,4916379,69382,69382
1694180172.63,08/09/2023 13:36:12,4983113,66734,66734
1694180173.63,08/09/2023 13:36:13,5050832,67719,67719
1694180174.63,08/09/2023 13:36:14,5120066,69234,69234
1694180175.63,08/09/2023 13:36:15,5188315,68249,68249
1694180176.63,08/09/2023 13:36:16,5257587,69272,69272
1694180177.63,08/09/2023 13:36:17,5327357,69770,69770
1694180178.63,08/09/2023 13:36:18,5396495,69138,69138
1694180179.63,08/09/2023 13:36:19,5464240,67745,67745
1694180180.63,08/09/2023 13:36:20,5531593,67353,67353
1694180181.631,08/09/2023 13:36:21,5599425,67832,67764.236
1694180182.631,08/09/2023 13:36:22,5668466,69041,69041
1694180183.631,08/09/2023 13:36:23,5737485,69019,69019
1694180184.631,08/09/2023 13:36:24,5807305,69820,69820
1694180185.631,08/09/2023 13:36:25,5877388,70083,70083
1694180186.631,08/09/2023 13:36:26,5940759,63371,63371
1694180187.631,08/09/2023 13:36:27,6009794,69035,69035
1694180188.631,08/09/2023 13:36:28,6077844,68050,68050
1694180189.631,08/09/2023 13:36:29,6146171,68327,68327
1694180190.631,08/09/2023 13:36:30,6213907,67736,67736
1694180191.631,08/09/2023 13:36:31,6284007,70100,70100
1694180192.631,08/09/2023 13:36:32,6351154,67147,67147
1694180193.631,08/09/2023 13:36:33,6419458,68304,68304
1694180194.631,08/09/2023 13:36:34,6487080,67622,67622
1694180195.632,08/09/2023 13:36:35,6557401,70321,70250.749
1694180196.632,08/09/2023 13:36:36,6626796,69395,69395
1694180197.632,08/09/2023 13:36:37,6695573,68777,68777
1694180198.632,08/09/2023 13:36:38,6765800,70227,70227
1694180199.632,08/09/2023 13:36:39,6836827,71027,71027
1694180200.632,08/09/2023 13:36:40,6905171,68344,68344
1694180201.632,08/09/2023 13:36:41,6970710,65539,65539
1694180202.632,08/09/2023 13:36:42,7041077,70367,70367
1694180203.632,08/09/2023 13:36:43,7110819,69742,69742
1694180204.632,08/09/2023 13:36:44,7178912,68093,68093
1694180205.632,08/09/2023 13:36:45,7247966,69054,69054
1694180206.632,08/09/2023 13:36:46,7318367,70401,70401
1694180207.632,08/09/2023 13:36:47,7384332,65965,65965
1694180208.632,08/09/2023 13:36:48,7450142,65810,65810
1694180209.633,08/09/2023 13:36:49,7519094,68952,68883.117
1694180210.633,08/09/2023 13:36:50,7585601,66507,66507
1694180211.633,08/09/2023 13:36:51,7637272,51671,51671
1694180212.633,08/09/2023 13:36:52,7708275,71003,71003
