epoch,timestamp,operations,operations-delta,operations/second
1694180724.036,08/09/2023 13:45:24,8975,8975,8975
1694180725.036,08/09/2023 13:45:25,16170,7195,7195
1694180726.036,08/09/2023 13:45:26,21334,5164,5164
1694180727.036,08/09/2023 13:45:27,25112,3778,3778
1694180728.037,08/09/2023 13:45:28,31255,6143,6136.863
1694180729.037,08/09/2023 13:45:29,47787,16532,16532
1694180730.037,08/09/2023 13:45:30,55914,8127,8127
1694180731.037,08/09/2023 13:45:31,60921,5007,5007
1694180732.037,08/09/2023 13:45:32,65395,4474,4474
1694180733.037,08/09/2023 13:45:33,70392,4997,4997
1694180734.037,08/09/2023 13:45:34,74955,4563,4563
1694180735.037,08/09/2023 13:45:35,79743,4788,4788
1694180736.037,08/09/2023 13:45:36,86538,6795,6795
1694180737.037,08/09/2023 13:45:37,93537,6999,6999
1694180738.037,08/09/2023 13:45:38,98238,4701,4701
1694180739.037,08/09/2023 13:45:39,117804,19566,19566
1694180740.037,08/09/2023 13:45:40,125848,8044,8044
1694180741.037,08/09/2023 13:45:41,139073,13225,13225
1694180742.037,08/09/2023 13:45:42,151934,12861,12861
1694180743.038,08/09/2023 13:45:43,156784,4850,4845.155
1694180744.038,08/09/2023 13:45:44,162724,5940,5940
1694180745.038,08/09/2023 13:45:45,168981,6257,6257
1694180746.038,08/09/2023 13:45:46,173195,4214,4214
1694180747.038,08/09/2023 13:45:47,176353,3158,3158
1694180748.038,08/09/2023 13:45:48,179174,2821,2821
1694180749.038,08/09/2023 13:45:49,198426,19252,19252
1694180750.038,08/09/2023 13:45:50,205830,7404,7404
1694180751.038,08/09/2023 13:45:51,210475,4645,4645
1694180752.038,08/09/2023 13:45:52,213696,3221,3221
1694180753.038,08/09/2023 13:45:53,216527,2831,2831
1694180754.038,08/09/2023 13:45:54,219241,2714,2714
1694180755.038,08/09/2023 13:45:55,239951,20710,20710
1694180756.038,08/09/2023 13:45:56,247555,7604,7604
1694180757.039,08/09/2023 13:45:57,267564,20009,19989.011
1694180758.039,08/09/2023 13:45:58,276293,8729,8729
1694180759.039,08/09/2023 13:45:59,281718,5425,5425
1694180760.039,08/09/2023 13:46:00,285574,3856,3856
1694180761.039,08/09/2023 13:46:01,288670,3096,3096
1694180762.039,08/09/2023 13:46:02,315707,27037,27037
1694180763.039,08/09/2023 13:46:03,326260,10553,10553
1694180764.039,08/09/2023 13:46:04,331899,5639,5639
1694180765.039,08/09/2023 13:46:05,335844,3945,3945
1694180766.039,08/09/2023 13:46:06,338806,2962,2962
1694180767.039,08/09/2023 13:46:07,358673,19867,19867
1694180768.039,08/09/2023 13:46:08,366351,7678,7678
1694180769.039,08/09/2023 13:46:09,382656,16305,16305
1694180770.039,08/09/2023 13:46:10,393015,10359,10359
1694180771.039,08/09/2023 13:46:11,398808,5793,5793
1694180772.04,08/09/2023 13:46:12,419311,20503,20482.517
1694180773.04,08/09/2023 13:46:13,426916,7605,7605
1694180774.04,08/09/2023 13:46:14,431738,4822,4822
1694180775.04,08/09/2023 13:46:15,435313,3575,3575
1694180776.04,08/09/2023 13:46:16,438229,2916,2916
1694180777.04,08/09/2023 13:46:17,458461,20232,20232
1694180778.04,08/09/2023 13:46:18,468120,9659,9659
1694180779.04,08/09/2023 13:46:19,473566,5446,5446
1694180780.04,08/09/2023 13:46:20,477360,3794,3794
1694180781.04,08/09/2023 13:46:21,492280,14920,14920
1694180782.04,08/09/2023 13:46:22,503468,11188,11188
1694180783.04,08/09/2023 13:46:23,510095,6627,6627
1694180784.04,08/09/2023 13:46:24,514539,4444,4444
1694180785.04,08/09/2023 13:46:25,517863,3324,3324
1694180786.041,08/09/2023 13:46:26,536024,18161,18142.857
1694180787.041,08/09/2023 13:46:27,545851,9827,9827
1694180788.041,08/09/2023 13:46:28,551327,5476,5476
1694180789.041,08/09/2023 13:46:29,555199,3872,3872
1694180790.041,08/09/2023 13:46:30,558306,3107,3107
1694180791.041,08/09/2023 13:46:31,576742,18436,18436
1694180792.041,08/09/2023 13:46:32,585348,8606,8606
1694180793.041,08/09/2023 13:46:33,590660,5312,5312
1694180794.041,08/09/2023 13:46:34,594551,3891,3891
1694180795.041,08/09/2023 13:46:35,597631,3080,3080
1694180796.041,08/09/2023 13:46:36,614406,16775,16775
1694180797.041,08/09/2023 13:46:37,625567,11161,11161
1694180798.041,08/09/2023 13:46:38,631558,5991,5991
1694180799.041,08/09/2023 13:46:39,635784,4226,4226
1694180800.042,08/09/2023 13:46:40,639960,4176,4171.828
1694180801.042,08/09/2023 13:46:41,657303,17343,17343
1694180802.042,08/09/2023 13:46:42,665598,8295,8295
1694180803.042,08/09/2023 13:46:43,670856,5258,5258
1694180804.042,08/09/2023 13:46:44,674693,3837,3837
1694180805.042,08/09/2023 13:46:45,677731,3038,3038
1694180806.042,08/09/2023 13:46:46,694364,16633,16633
1694180807.042,08/09/2023 13:46:47,705108,10744,10744
1694180808.042,08/09/2023 13:46:48,710788,5680,5680
1694180809.042,08/09/2023 13:46:49,714755,3967,3967
1694180810.042,08/09/2023 13:46:50,717867,3112,3112
1694180811.042,08/09/2023 13:46:51,733327,15460,15460
1694180812.042,08/09/2023 13:46:52,742994,9667,9667
1694180813.042,08/09/2023 13:46:53,748486,5492,5492
1694180814.042,08/09/2023 13:46:54,768963,20477,20477
1694180815.043,08/09/2023 13:46:55,777050,8087,8078.921
1694180816.043,08/09/2023 13:46:56,782026,4976,4976
1694180817.043,08/09/2023 13:46:57,785684,3658,3658
1694180818.043,08/09/2023 13:46:58,788487,2803,2803
1694180819.043,08/09/2023 13:46:59,806648,18161,18161
1694180820.043,08/09/2023 13:47:00,814989,8341,8341
1694180821.043,08/09/2023 13:47:01,827709,12720,12720
1694180822.043,08/09/2023 13:47:02,840954,13245,13245
1694180823.043,08/09/2023 13:47:03,847336,6382,6382
1694180824.043,08/09/2023 13:47:04,865076,17740,17740
1694180825.043,08/09/2023 13:47:05,874562,9486,9486
1694180826.043,08/09/2023 13:47:06,879945,5383,5383
1694180827.043,08/09/2023 13:47:07,883804,3859,3859
1694180828.043,08/09/2023 13:47:08,886959,3155,3155
1694180829.044,08/09/2023 13:47:09,898524,11565,11553.447
1694180830.044,08/09/2023 13:47:10,913699,15175,15175
1694180831.044,08/09/2023 13:47:11,920434,6735,6735
1694180832.044,08/09/2023 13:47:12,924902,4468,4468
1694180833.044,08/09/2023 13:47:13,928225,3323,3323
1694180834.044,08/09/2023 13:47:14,946853,18628,18628
1694180835.044,08/09/2023 13:47:15,956105,9252,9252
1694180836.044,08/09/2023 13:47:16,961396,5291,5291
1694180837.044,08/09/2023 13:47:17,965209,3813,3813
1694180838.044,08/09/2023 13:47:18,968125,2916,2916
1694180839.044,08/09/2023 13:47:19,984294,16169,16169
1694180840.044,08/09/2023 13:47:20,993222,8928,8928
1694180841.044,08/09/2023 13:47:21,998517,5295,5295
1694180842.044,08/09/2023 13:47:22,1018850,20333,20333
